Query	parquet-exec-time	orc-exec-time	avro-exec-time	parquet %cpu	orc %cpu	avro %cpu	parquet %Mem	orc %Mem	avro %Mem
Q1  	  247.05	          246.68	      1164.05         	304.3       247.3	    219.9     	2.9	        3.6     	3.4
Q2	    194.86          	173.89	      325.46	          327.7       272.1   	262.8     	3.3       	3.6	      3.4
Q3	    382.78	          317.67	      1373.19	          348.7     	314.3	    286.3	      3.4	        3.6	      3.5
Q4  	  410.23          	169.94	      1320.95	          245.2	      214.7   	307.7	      3.4	        3.6     	3.5
Q5    	753.13	          681.20	      1750.00	          261.8	      307.0   	356.7	      3.5	        3.7     	3.3
Q6  	  193.91          	69.13	        1007.74	          121.6	      185.0	    345.5	      3.5	        3.6	      3.6
Q7  	  654.34	          435.39      	1486.49         	305.7	      300.7    	233.2	      3.6	        3.7	      3.7
Q8  	  768.85	          674.98	      3747.07	          306.3	      283.1   	288.7	      3.6       	3.6	      3.7
Q9  	  1101.71         	955.88	      1952.46	          323.9     	260.3   	315.9	      3.4	        3.6	      3.7
Q10    	1628.66         	274.94	      1298.20	          255.7	      325.3   	230.7	      3.5	        3.4	      3.7
Q11    	112.73	          113.22	      228.03	          292.7     	257.7	    245.3	      3.5       	3.7	      3.5
Q12    	183.03	          177.90      	1398.14	          271.7	      222.7	    242.3	      3.5	        3.7     	3.5
Q13   	296.14          	290.14	      458.29	          294.7	      270.0	    215.3	      3.6	        3.6	      3.5
Q14   	106.42	          86.14	        987.02	          236.3	      224.7	    215.3     	3.5	        3.7	      3.5
Q15   	157.38	          149.49      	303.00            255.0	      233.3   	906.7	      3.6       	3.7	      2.1
Q16	    27.92	            17.47       	114.00	          387.0	      218.6   	356.8	      2.4        	3.7	      3.2
Q17   	879.18	          873.44      	2574.03         	285.4     	282.1   	277.0	      3.3       	3.7	      3.7
Q18 	  344.80          	280.32      	1300.43	          276.1     	253.3   	323.0	      3.3       	3.7	      3.3
Q19 	  224.12	          259.86	      3187.67	          290.7	      242.3   	272.0	      3.4       	3.7	      3.4
Q20   	404.21          	373.03      	1358.72         	298.3	      265.7   	277.0	      3.5	        3.7	      3.4
Q21	    3359.86         	2781.78	      5868.51	          288.7	      288.7	    290.3	      3.6	        3.6	      3.7
Q22   	93.92           	90.57	        276.89	          486.7     	265.7	    326.7     	1.8	        3.0     	3.5
